1545494400
1540137600
1534003200
1527955200
1522512000
1516204800
1510416000
1504368000
1498924800
1493481600
1487433600
1481385600
1475337600
1469289600
1463241600
1457798400
1452355200
1446307200
1440864000
1434816000
1428768000
1423324800
1417881600
1412438400
1406995200
1402156800
1396108800
1390060800
1383321600
1378051200
1372521600
1367078400
1361116800
1355068800
1348934400
1342800000
1337443200
1332000000
1325606400
1319385600
1311177600
1305648000
1300032000
1294070400
1287504000
1280592000
1273939200
1266940800
1259769600
1252425600
1244476800
1237824000
1230134400
1223481600
1215878400
1208361600
1201104000
1191859200
1183824000
1177516800
1170604800
1164729600
1158681600
1150473600
1142784000
1136217600
1130342400
1125244800
1118937600
1109692800
1103817600
1098115200
1092412800
1087315200
1084118400
1081008000
1078934400
1077033600
1075824000
1073577600
1071676800
